{
 "cells": [
  {
   "cell_type": "code",
   "execution_count": 40,
   "metadata": {
    "collapsed": true
   },
   "outputs": [],
   "source": [
    "import pandas as pd\n",
    "import numpy as np\n",
    "import os\n",
    "from matplotlib import pyplot as plt\n",
    "import numpy as np\n",
    "import math\n",
    "from sklearn.preprocessing import StandardScaler\n",
    "from sklearn.decomposition import PCA \n",
    "%matplotlib inline"
   ]
  },
  {
   "cell_type": "markdown",
   "metadata": {},
   "source": [
    "# Case #1: Congressional Voting Data"
   ]
  },
  {
   "cell_type": "markdown",
   "metadata": {},
   "source": [
    "After you've downloaded the data from the repository, go ahead and load it with Pandas"
   ]
  },
  {
   "cell_type": "code",
   "execution_count": 3,
   "metadata": {
    "collapsed": false
   },
   "outputs": [],
   "source": [
    "votes = pd.read_csv('../assets/datasets/votes.csv')"
   ]
  },
  {
   "cell_type": "code",
   "execution_count": 11,
   "metadata": {
    "collapsed": false
   },
   "outputs": [
    {
     "data": {
      "text/html": [
       "<div>\n",
       "<table border=\"1\" class=\"dataframe\">\n",
       "  <thead>\n",
       "    <tr style=\"text-align: right;\">\n",
       "      <th></th>\n",
       "      <th>Class</th>\n",
       "      <th>V1</th>\n",
       "      <th>V2</th>\n",
       "      <th>V3</th>\n",
       "      <th>V4</th>\n",
       "      <th>V5</th>\n",
       "      <th>V6</th>\n",
       "      <th>V7</th>\n",
       "      <th>V8</th>\n",
       "      <th>V9</th>\n",
       "      <th>V10</th>\n",
       "      <th>V11</th>\n",
       "      <th>V12</th>\n",
       "      <th>V13</th>\n",
       "      <th>V14</th>\n",
       "      <th>V15</th>\n",
       "      <th>V16</th>\n",
       "    </tr>\n",
       "  </thead>\n",
       "  <tbody>\n",
       "    <tr>\n",
       "      <th>0</th>\n",
       "      <td>republican</td>\n",
       "      <td>n</td>\n",
       "      <td>y</td>\n",
       "      <td>n</td>\n",
       "      <td>y</td>\n",
       "      <td>y</td>\n",
       "      <td>y</td>\n",
       "      <td>n</td>\n",
       "      <td>n</td>\n",
       "      <td>n</td>\n",
       "      <td>y</td>\n",
       "      <td>NaN</td>\n",
       "      <td>y</td>\n",
       "      <td>y</td>\n",
       "      <td>y</td>\n",
       "      <td>n</td>\n",
       "      <td>y</td>\n",
       "    </tr>\n",
       "    <tr>\n",
       "      <th>1</th>\n",
       "      <td>republican</td>\n",
       "      <td>n</td>\n",
       "      <td>y</td>\n",
       "      <td>n</td>\n",
       "      <td>y</td>\n",
       "      <td>y</td>\n",
       "      <td>y</td>\n",
       "      <td>n</td>\n",
       "      <td>n</td>\n",
       "      <td>n</td>\n",
       "      <td>n</td>\n",
       "      <td>n</td>\n",
       "      <td>y</td>\n",
       "      <td>y</td>\n",
       "      <td>y</td>\n",
       "      <td>n</td>\n",
       "      <td>NaN</td>\n",
       "    </tr>\n",
       "    <tr>\n",
       "      <th>2</th>\n",
       "      <td>democrat</td>\n",
       "      <td>NaN</td>\n",
       "      <td>y</td>\n",
       "      <td>y</td>\n",
       "      <td>NaN</td>\n",
       "      <td>y</td>\n",
       "      <td>y</td>\n",
       "      <td>n</td>\n",
       "      <td>n</td>\n",
       "      <td>n</td>\n",
       "      <td>n</td>\n",
       "      <td>y</td>\n",
       "      <td>n</td>\n",
       "      <td>y</td>\n",
       "      <td>y</td>\n",
       "      <td>n</td>\n",
       "      <td>n</td>\n",
       "    </tr>\n",
       "    <tr>\n",
       "      <th>3</th>\n",
       "      <td>democrat</td>\n",
       "      <td>n</td>\n",
       "      <td>y</td>\n",
       "      <td>y</td>\n",
       "      <td>n</td>\n",
       "      <td>NaN</td>\n",
       "      <td>y</td>\n",
       "      <td>n</td>\n",
       "      <td>n</td>\n",
       "      <td>n</td>\n",
       "      <td>n</td>\n",
       "      <td>y</td>\n",
       "      <td>n</td>\n",
       "      <td>y</td>\n",
       "      <td>n</td>\n",
       "      <td>n</td>\n",
       "      <td>y</td>\n",
       "    </tr>\n",
       "    <tr>\n",
       "      <th>4</th>\n",
       "      <td>democrat</td>\n",
       "      <td>y</td>\n",
       "      <td>y</td>\n",
       "      <td>y</td>\n",
       "      <td>n</td>\n",
       "      <td>y</td>\n",
       "      <td>y</td>\n",
       "      <td>n</td>\n",
       "      <td>n</td>\n",
       "      <td>n</td>\n",
       "      <td>n</td>\n",
       "      <td>y</td>\n",
       "      <td>NaN</td>\n",
       "      <td>y</td>\n",
       "      <td>y</td>\n",
       "      <td>y</td>\n",
       "      <td>y</td>\n",
       "    </tr>\n",
       "  </tbody>\n",
       "</table>\n",
       "</div>"
      ],
      "text/plain": [
       "        Class   V1 V2 V3   V4   V5 V6 V7 V8 V9 V10  V11  V12 V13 V14 V15  V16\n",
       "0  republican    n  y  n    y    y  y  n  n  n   y  NaN    y   y   y   n    y\n",
       "1  republican    n  y  n    y    y  y  n  n  n   n    n    y   y   y   n  NaN\n",
       "2    democrat  NaN  y  y  NaN    y  y  n  n  n   n    y    n   y   y   n    n\n",
       "3    democrat    n  y  y    n  NaN  y  n  n  n   n    y    n   y   n   n    y\n",
       "4    democrat    y  y  y    n    y  y  n  n  n   n    y  NaN   y   y   y    y"
      ]
     },
     "execution_count": 11,
     "metadata": {},
     "output_type": "execute_result"
    }
   ],
   "source": [
    "# votes.drop('Unnamed: 0', axis=1, inplace=True)\n",
    "votes.head()"
   ]
  },
  {
   "cell_type": "code",
   "execution_count": 9,
   "metadata": {
    "collapsed": false
   },
   "outputs": [
    {
     "name": "stdout",
     "output_type": "stream",
     "text": [
      "<class 'pandas.core.frame.DataFrame'>\n",
      "RangeIndex: 435 entries, 0 to 434\n",
      "Data columns (total 17 columns):\n",
      "Class    435 non-null object\n",
      "V1       423 non-null object\n",
      "V2       387 non-null object\n",
      "V3       424 non-null object\n",
      "V4       424 non-null object\n",
      "V5       420 non-null object\n",
      "V6       424 non-null object\n",
      "V7       421 non-null object\n",
      "V8       420 non-null object\n",
      "V9       413 non-null object\n",
      "V10      428 non-null object\n",
      "V11      414 non-null object\n",
      "V12      404 non-null object\n",
      "V13      410 non-null object\n",
      "V14      418 non-null object\n",
      "V15      407 non-null object\n",
      "V16      331 non-null object\n",
      "dtypes: object(17)\n",
      "memory usage: 57.8+ KB\n"
     ]
    }
   ],
   "source": [
    "votes.info()"
   ]
  },
  {
   "cell_type": "code",
   "execution_count": 21,
   "metadata": {
    "collapsed": false
   },
   "outputs": [],
   "source": []
  },
  {
   "cell_type": "markdown",
   "metadata": {},
   "source": [
    "Next, let's define the x and y variables: "
   ]
  },
  {
   "cell_type": "code",
   "execution_count": 24,
   "metadata": {
    "collapsed": false
   },
   "outputs": [],
   "source": [
    "# X = votes.drop('Class',axis=1).astype(int)\n",
    "x = (votes.drop('Class', axis=1).values == 'y').astype(int)\n",
    "y = votes.Class.values"
   ]
  },
  {
   "cell_type": "code",
   "execution_count": 25,
   "metadata": {
    "collapsed": false
   },
   "outputs": [
    {
     "name": "stderr",
     "output_type": "stream",
     "text": [
      "/Users/Shreyas/anaconda/lib/python2.7/site-packages/sklearn/utils/validation.py:429: DataConversionWarning: Data with input dtype int64 was converted to float64 by StandardScaler.\n",
      "  warnings.warn(msg, _DataConversionWarning)\n"
     ]
    }
   ],
   "source": [
    "from sklearn.preprocessing import StandardScaler\n",
    "x_standard = StandardScaler().fit_transform(x)"
   ]
  },
  {
   "cell_type": "markdown",
   "metadata": {},
   "source": [
    "Next, create the covariance matrix from the standardized x-values and decompose these values to find the eigenvalues and eigenvectors"
   ]
  },
  {
   "cell_type": "code",
   "execution_count": 29,
   "metadata": {
    "collapsed": false
   },
   "outputs": [
    {
     "data": {
      "text/plain": [
       "array([[ 1.00230415,  0.0390487 ,  0.39852965, -0.39876866, -0.34579014,\n",
       "        -0.3839277 ,  0.34852066,  0.39316258,  0.29835044, -0.08243094,\n",
       "         0.11277752, -0.39554734, -0.32461413, -0.34420165,  0.22041201,\n",
       "         0.04178208],\n",
       "       [ 0.0390487 ,  1.00230415, -0.03206322,  0.07219786,  0.13871941,\n",
       "         0.14423513, -0.18752265, -0.11640995, -0.18362303, -0.09106758,\n",
       "         0.21209438, -0.02518596,  0.20689251, -0.01097236, -0.1134886 ,\n",
       "        -0.06281611],\n",
       "       [ 0.39852965, -0.03206322,  1.00230415, -0.70307903, -0.62891934,\n",
       "        -0.42649531,  0.58200314,  0.69808179,  0.55748957,  0.03150538,\n",
       "         0.21382384, -0.61638291, -0.51939642, -0.55892623,  0.47481813,\n",
       "         0.15910551],\n",
       "       [-0.39876866,  0.07219786, -0.70307903,  1.00230415,  0.76700038,\n",
       "         0.47794019, -0.54909614, -0.69360128, -0.58441675,  0.05732038,\n",
       "        -0.28650904,  0.68582975,  0.56288097,  0.63562536, -0.51508594,\n",
       "        -0.11060219],\n",
       "       [-0.34579014,  0.13871941, -0.62891934,  0.76700038,  1.00230415,\n",
       "         0.61367651, -0.66223908, -0.80668293, -0.73734184,  0.01595972,\n",
       "        -0.14647937,  0.6197021 ,  0.62872294,  0.68100578, -0.53446821,\n",
       "        -0.12430009],\n",
       "       [-0.3839277 ,  0.14423513, -0.42649531,  0.47794019,  0.61367651,\n",
       "         1.00230415, -0.54000633, -0.5491954 , -0.54743259,  0.10413501,\n",
       "         0.01208683,  0.50751278,  0.52701822,  0.56661884, -0.43530501,\n",
       "        -0.099972  ],\n",
       "       [ 0.34852066, -0.18752265,  0.58200314, -0.54909614, -0.66223908,\n",
       "        -0.54000633,  1.00230415,  0.71810269,  0.633042  ,  0.04931308,\n",
       "         0.04468352, -0.51152529, -0.53602712, -0.49819079,  0.46697526,\n",
       "         0.2307435 ],\n",
       "       [ 0.39316258, -0.11640995,  0.69808179, -0.69360128, -0.80668293,\n",
       "        -0.5491954 ,  0.71810269,  1.00230415,  0.71358383,  0.04484392,\n",
       "         0.13222968, -0.5899443 , -0.58732921, -0.59926281,  0.51310572,\n",
       "         0.17518412],\n",
       "       [ 0.29835044, -0.18362303,  0.55748957, -0.58441675, -0.73734184,\n",
       "        -0.54743259,  0.633042  ,  0.71358383,  1.00230415,  0.02965549,\n",
       "         0.03514467, -0.54192513, -0.4751578 , -0.51269742,  0.44451182,\n",
       "         0.18988306],\n",
       "       [-0.08243094, -0.09106758,  0.03150538,  0.05732038,  0.01595972,\n",
       "         0.10413501,  0.04931308,  0.04484392,  0.02965549,  1.00230415,\n",
       "        -0.02407167,  0.05745562,  0.05737874,  0.12897488, -0.03198335,\n",
       "         0.15584161],\n",
       "       [ 0.11277752,  0.21209438,  0.21382384, -0.28650904, -0.14647937,\n",
       "         0.01208683,  0.04468352,  0.13222968,  0.03514467, -0.02407167,\n",
       "         1.00230415, -0.17830373, -0.08799361, -0.12256958,  0.17811412,\n",
       "         0.03234599],\n",
       "       [-0.39554734, -0.02518596, -0.61638291,  0.68582975,  0.6197021 ,\n",
       "         0.50751278, -0.51152529, -0.5899443 , -0.54192513,  0.05745562,\n",
       "        -0.17830373,  1.00230415,  0.5366931 ,  0.57659617, -0.46605723,\n",
       "        -0.09463085],\n",
       "       [-0.32461413,  0.20689251, -0.51939642,  0.56288097,  0.62872294,\n",
       "         0.52701822, -0.53602712, -0.58732921, -0.4751578 ,  0.05737874,\n",
       "        -0.08799361,  0.5366931 ,  1.00230415,  0.53887488, -0.46692618,\n",
       "        -0.08775585],\n",
       "       [-0.34420165, -0.01097236, -0.55892623,  0.63562536,  0.68100578,\n",
       "         0.56661884, -0.49819079, -0.59926281, -0.51269742,  0.12897488,\n",
       "        -0.12256958,  0.57659617,  0.53887488,  1.00230415, -0.50542753,\n",
       "        -0.0513631 ],\n",
       "       [ 0.22041201, -0.1134886 ,  0.47481813, -0.51508594, -0.53446821,\n",
       "        -0.43530501,  0.46697526,  0.51310572,  0.44451182, -0.03198335,\n",
       "         0.17811412, -0.46605723, -0.46692618, -0.50542753,  1.00230415,\n",
       "         0.11037446],\n",
       "       [ 0.04178208, -0.06281611,  0.15910551, -0.11060219, -0.12430009,\n",
       "        -0.099972  ,  0.2307435 ,  0.17518412,  0.18988306,  0.15584161,\n",
       "         0.03234599, -0.09463085, -0.08775585, -0.0513631 ,  0.11037446,\n",
       "         1.00230415]])"
      ]
     },
     "execution_count": 29,
     "metadata": {},
     "output_type": "execute_result"
    }
   ],
   "source": [
    "covmat = np.cov(x_standard.T)\n",
    "covmat"
   ]
  },
  {
   "cell_type": "code",
   "execution_count": 31,
   "metadata": {
    "collapsed": false
   },
   "outputs": [],
   "source": [
    "eigenValues, eigenVectors = np.linalg.eig(covmat)"
   ]
  },
  {
   "cell_type": "markdown",
   "metadata": {},
   "source": [
    "Now, let's check the eigenvalues: "
   ]
  },
  {
   "cell_type": "code",
   "execution_count": 32,
   "metadata": {
    "collapsed": false
   },
   "outputs": [
    {
     "data": {
      "text/plain": [
       "array([ 7.102243  ,  1.44867882,  1.1998064 ,  0.88126251,  0.8248454 ,\n",
       "        0.7380054 ,  0.14086407,  0.21188391,  0.61036665,  0.27622346,\n",
       "        0.31858994,  0.35967328,  0.41340487,  0.54030753,  0.51431461,\n",
       "        0.45639653])"
      ]
     },
     "execution_count": 32,
     "metadata": {},
     "output_type": "execute_result"
    }
   ],
   "source": [
    "eigenValues"
   ]
  },
  {
   "cell_type": "markdown",
   "metadata": {},
   "source": [
    "And the eigenvectors: "
   ]
  },
  {
   "cell_type": "code",
   "execution_count": 33,
   "metadata": {
    "collapsed": false
   },
   "outputs": [
    {
     "data": {
      "text/plain": [
       "array([[-0.18803934, -0.19357121,  0.07328808,  0.51751543,  0.35845006,\n",
       "         0.62089874, -0.05713493, -0.00747574,  0.15602045, -0.03613906,\n",
       "        -0.07010134, -0.20296072,  0.12290505,  0.07348099,  0.20525446,\n",
       "        -0.04760145],\n",
       "       [ 0.05231849, -0.5860793 , -0.23045319,  0.37516036,  0.12646973,\n",
       "        -0.55398342,  0.01855198, -0.10910015,  0.10486865,  0.0799821 ,\n",
       "         0.0801356 , -0.13259865, -0.06581724,  0.07925709, -0.00808044,\n",
       "         0.26963501],\n",
       "       [-0.29660826, -0.08013044, -0.16884543, -0.01308925,  0.10990706,\n",
       "         0.03068335, -0.2133564 , -0.06665988, -0.17958811, -0.23883742,\n",
       "         0.56681358,  0.45295072,  0.08181081, -0.3596669 ,  0.23464645,\n",
       "         0.08418781],\n",
       "       [ 0.31510691,  0.1422561 ,  0.07340739,  0.13936979, -0.00770719,\n",
       "        -0.05450439, -0.39727071,  0.4526401 ,  0.17904898, -0.55964437,\n",
       "         0.01205996,  0.0780124 , -0.11191782,  0.25270932,  0.01034961,\n",
       "         0.24886662],\n",
       "       [ 0.33401889, -0.0385968 , -0.02237429,  0.09559165, -0.01349543,\n",
       "         0.13452608,  0.76511773, -0.07320061,  0.17191793, -0.32328863,\n",
       "         0.03152091,  0.26761767, -0.17093715, -0.13088875,  0.11234843,\n",
       "         0.05101759],\n",
       "       [ 0.26716267, -0.07972083, -0.25992991, -0.19341153,  0.03386373,\n",
       "         0.03842238, -0.07856633,  0.01950334, -0.31205465, -0.18250948,\n",
       "        -0.37816447, -0.3496993 ,  0.1915876 , -0.44154008,  0.37379665,\n",
       "         0.20186102],\n",
       "       [-0.29182075,  0.19643052, -0.04588376,  0.09917934,  0.00585422,\n",
       "        -0.01333985, -0.02286656, -0.27081755, -0.13634586,  0.05344028,\n",
       "        -0.51147706,  0.42817513, -0.13996501,  0.23355998,  0.16912358,\n",
       "         0.47021755],\n",
       "       [-0.32681104,  0.0725546 , -0.07536811,  0.00111245,  0.08663186,\n",
       "        -0.07794592,  0.39578094,  0.73144287, -0.23223146,  0.17757482,\n",
       "         0.07836788, -0.07319843,  0.12111501,  0.11381175,  0.10993021,\n",
       "         0.20086437],\n",
       "       [-0.29287877,  0.18058669, -0.00924878,  0.03611105,  0.01701353,\n",
       "        -0.17373675,  0.15624907, -0.28123287, -0.34831872, -0.50427207,\n",
       "         0.13000295, -0.41876627, -0.17583247,  0.31855412,  0.09648134,\n",
       "        -0.1914593 ],\n",
       "       [ 0.01359228,  0.37071451, -0.57391342, -0.15274865,  0.60726484,\n",
       "        -0.0858061 ,  0.01674202, -0.04673526,  0.31069277,  0.0048658 ,\n",
       "        -0.02398412, -0.01148239,  0.03878859,  0.03544397, -0.15575929,\n",
       "        -0.08244357],\n",
       "       [-0.07112483, -0.4880378 , -0.44655414, -0.38257418, -0.2003779 ,\n",
       "         0.38145471, -0.01032933,  0.05008511, -0.06897903, -0.14494611,\n",
       "        -0.04193094,  0.08099002, -0.04240787,  0.37112324, -0.22157141,\n",
       "        -0.0016436 ],\n",
       "       [ 0.28929338,  0.15955659,  0.01496153, -0.04203207, -0.07669119,\n",
       "         0.06817755,  0.07946873, -0.26127784, -0.03239667,  0.10602841,\n",
       "         0.33002518, -0.05724727,  0.6390797 ,  0.39062137,  0.10896117,\n",
       "         0.32616483],\n",
       "       [ 0.27553751, -0.06114016, -0.14476793,  0.12948346,  0.04813455,\n",
       "        -0.14713108, -0.06865143,  0.10365127, -0.22486428,  0.14032207,\n",
       "        -0.11204054,  0.32483382,  0.06428168,  0.30238212,  0.46090533,\n",
       "        -0.58895758],\n",
       "       [ 0.28769832,  0.14238328, -0.13711492,  0.00581328,  0.03355151,\n",
       "         0.24352607, -0.08900957, -0.0304292 , -0.19874087,  0.37634747,\n",
       "         0.33552707, -0.1694557 , -0.63338072,  0.07327798,  0.17909653,\n",
       "         0.2186269 ],\n",
       "       [-0.24744034, -0.0173265 , -0.01321806, -0.29871419, -0.2442241 ,\n",
       "        -0.07884425, -0.01302678, -0.00362204,  0.61764899,  0.03636348,\n",
       "         0.04670851, -0.15415021, -0.0844283 ,  0.07268007,  0.60154166,\n",
       "         0.00202327],\n",
       "       [-0.07138452,  0.28757258, -0.51258496,  0.48647494, -0.59693453,\n",
       "         0.05455208, -0.01953834,  0.02986224,  0.07535585,  0.02494754,\n",
       "         0.00497602, -0.06360254,  0.0780074 , -0.14271012, -0.0933167 ,\n",
       "        -0.08182005]])"
      ]
     },
     "execution_count": 33,
     "metadata": {},
     "output_type": "execute_result"
    }
   ],
   "source": [
    "eigenVectors"
   ]
  },
  {
   "cell_type": "markdown",
   "metadata": {},
   "source": [
    "To find the principal componants, find the eigenpairs, and sort them from highest to lowest. "
   ]
  },
  {
   "cell_type": "code",
   "execution_count": 34,
   "metadata": {
    "collapsed": false
   },
   "outputs": [
    {
     "name": "stdout",
     "output_type": "stream",
     "text": [
      "7.10224299609\n",
      "1.44867881863\n",
      "1.19980639643\n",
      "0.881262509772\n",
      "0.824845400306\n",
      "0.738005397126\n",
      "0.610366646038\n",
      "0.540307526332\n",
      "0.5143146149\n",
      "0.456396531035\n",
      "0.413404865073\n",
      "0.359673279653\n",
      "0.31858993662\n",
      "0.276223460272\n",
      "0.211883908313\n",
      "0.140864072849\n"
     ]
    }
   ],
   "source": [
    "eigenPairs = [(np.abs(eigenValues[i]), eigenVectors[:,i]) for i in range(len(eigenValues))]\n",
    "eigenPairs.sort()\n",
    "eigenPairs.reverse()\n",
    "for i in eigenPairs:\n",
    "    print(i[0])"
   ]
  },
  {
   "cell_type": "markdown",
   "metadata": {
    "collapsed": true
   },
   "source": [
    "Now, calculate the explained variance. Recall the methods we learned in lesson 2.2!"
   ]
  },
  {
   "cell_type": "code",
   "execution_count": 36,
   "metadata": {
    "collapsed": false
   },
   "outputs": [
    {
     "name": "stdout",
     "output_type": "stream",
     "text": [
      "[44.28697500436504, 9.0334282656153384, 7.4815513800621112, 5.4952288684035526, 5.1434325248950232, 4.6019302062155623, 3.8060219020170365, 3.3691590004030161, 3.2070767653227876, 2.8459208975440626, 2.5778406816338881, 2.2427902782952089, 1.9866096622564635, 1.7224278988231507, 1.3212301179310875, 0.87837654621665939]\n"
     ]
    }
   ],
   "source": [
    "totalEigen = sum(eigenValues)\n",
    "varExpl = [(i / totalEigen)*100 for i in sorted(eigenValues, reverse=True)]\n",
    "print(varExpl)"
   ]
  },
  {
   "cell_type": "markdown",
   "metadata": {},
   "source": [
    "Now, calculate the explained variance and the Cumulative explained variance"
   ]
  },
  {
   "cell_type": "code",
   "execution_count": 38,
   "metadata": {
    "collapsed": false
   },
   "outputs": [
    {
     "data": {
      "text/plain": [
       "array([ 44.286975  ,  53.32040327,  60.80195465,  66.29718352,\n",
       "        71.44061604,  76.04254625,  79.84856815,  83.21772715,\n",
       "        86.42480392,  89.27072481,  91.8485655 ,  94.09135577,\n",
       "        96.07796544,  97.80039334,  99.12162345, 100.        ])"
      ]
     },
     "execution_count": 38,
     "metadata": {},
     "output_type": "execute_result"
    }
   ],
   "source": [
    "cvarex = np.cumsum(varExpl)\n",
    "cvarex"
   ]
  },
  {
   "cell_type": "code",
   "execution_count": 41,
   "metadata": {
    "collapsed": false
   },
   "outputs": [
    {
     "data": {
      "image/png": "iVBORw0KGgoAAAANSUhEUgAAAg4AAAFkCAYAAABIPLOYAAAABHNCSVQICAgIfAhkiAAAAAlwSFlz\nAAAPYQAAD2EBqD+naQAAIABJREFUeJzt3Xm4ndPd//H31yz6JKkpaLVVFC1FYh7bEooaW8MxRCkx\nNHjSwdQgxFDRRxSth6dVNeSoqaafipkQEnKIKUFITCHGBjFlWL8/1k5zEkmc5Ox97j28X9d1Ljn3\nvnPv7y3JOZ/zXeteK1JKSJIktcVCRRcgSZJqh8FBkiS1mcFBkiS1mcFBkiS1mcFBkiS1mcFBkiS1\nmcFBkiS1mcFBkiS1mcFBkiS1mcFBkiS12XwHh4jYMiJujojXI2J6ROwyh3NOi4gJEfFxRNwZEavN\n9vriEfGniHgnIj6MiOsiYvn23IgkSaq8Bek4LAU8ARwJfGGji4g4DugD9AY2AiYDQyJisVannQfs\nBPwU2ApYCbh+AWqRJEkdKNqzyVVETAd2Synd3OrYBOCclNKg0uedgYnAgSmla0qfvw3sk1L6Z+mc\nNYDRwCYppRELXJAkSaqoss5xiIhVgBWAu2ccSyl9AAwHNi0d2gBYZLZzngNeaXWOJEmqQouU+Xor\nkIcvJs52fGLpNYBuwOelQDG3c2YREcsA2wPjgU/LVawkSQ1gCeBbwJCU0rvtvVi5g0OlbA9cVXQR\nkiTVsP2Awe29SLmDw5tAkLsKrbsO3YDHW52zWER0nq3r0K302pyMB7jyyitZa621ylpwtenbty+D\nBg0quoyKa5T7hMa5V++zvnif8zZtGrzxBowfP+vHuHHw73/PPG+lleBb38ofq6wy89dLL12G4tto\n9OjR7L///lD6XtpeZQ0OKaVxEfEmsA3wJPxncuTGwJ9Kp40EppbOaT058hvAw3O59KcAa621Ft27\ndy9nyVWnS5cudX+P0Dj3CY1zr95nffE+s48+guefhzFjZv14/nn47LN8TqdOsMYasOaasNtu+b9r\nrgmrrw5LLtlBN9I2ZRnqn+/gEBFLAauROwsA346IdYH3Ukqvkh+17BcRY8npZgDwGnAT5MmSEfFX\n4NyIeB/4EDgfeMgnKiRJHS0lmDDhi+FgzBh47bWZ5620Ug4EW24Jhx46MyB87WuwUAMtp7ggHYcN\ngHvJkyAT8D+l438HDk4pDYyITsDFQFdgKLBDSunzVtfoC0wDrgMWB24HfrlAdyBJUhullIcTHnww\nfzzwAHTunDsLAIsumjsFa64JvXrNDAdrrJHP0wIEh5TS/XzJY5wppf5A/3m8/hlwVOlDkqSKmDoV\nnnxyZlB48ME8NwFg7bVzGDjqqJkBYZVVYJFaeWygIP7vqTJNTU1Fl9AhGuU+oXHu1fusL7V6n5Mn\nw4gRM0PCww/Dhx/CYovBRhvBgQfCFlvAZpvBV78Kzc1N1OitFqZdK0d2lIjoDowcOXJkQ0zWkSS1\nzVtvwUMPzQwKLS25y9C1K2y+eQ4JW2wBG2wASyxRdLXFaGlpoUePHgA9Ukot7b2eHQdJUk1ICV58\ncdZhh+eey6994xs5IBx0UP7vd7/bWBMWO5LBQZJUlaZOhSeemDUoTJwIEbDOOrDNNnDKKbmz8I1v\nFF1t4zA4SJKqwkcfwfDhs85PmDwZFl88z084+OCZ8xO6di262sZlcJAkFSKlPNRw001w8805NEyb\nlictbr45nHxyDgo9euTwoOpgcJAkdZipU3MnYUZYeOGFvLridtvBhRfmxZXWWsv5CdXM4CBJqqiP\nPoI77shh4f/9P3j3XejWDXbeGc49N89VqLKlmTUPBgdJUtlNmAC33JK7Cnffnfd1+N73oHdv2HVX\n2HBDuwq1yuAgSWq3lODpp2cOQTz6KCy8cB56OOss2GUXWHXVoqtUORgcJEkLZMoUGDp0ZlgYPx6+\n8hXYYQc4+mjYcceO3T5aHcPgIElqs0mT4Pbbc1C47Tb497/h61/PHYVddoEf/MAnIOqdwUGSNE+v\nvJKDws03w3335U7DeuvlrsKuu8L66+dFmdQYDA6SpFmkBI8/PnMI4okn8o6RP/xhfgpil11cqbGR\nGRwkSUCe3HjVVdDcDC+/DF26wE47wfHHw49/nD+XDA6S1MBefjkHhcGD4amn8mTGPffMH1ttBYsu\nWnSFqjYGB0lqMO+8A9dem8PCgw/mxZd23RXOOAO23x4WW6zoClXNDA6S1AAmT87zFa66CoYMyfMY\nevaEK67IoeG//qvoClUrDA6SVKemTIE778xh4cYb4eOPYdNN4bzz8lDE8ssXXaFqkcFBkurI9Ol5\nE6nBg+Gaa/KwxFprwYknQlMTfPvbRVeoWmdwkKQ68PTTOSwMHpwnPH7963DQQbDffvD977vOgsrH\n4CBJNeqVV2Y+EfHkk/DVr+YhiH33zXtEuImUKsHgIEk15N13Zz4RMXQoLLFEntw4YEBea8EnIlRp\nBgdJqnKTJ+ctqq+6Ku8TkRJsuy1cfjnstptPRKhjGRwkqQqlBA89BP/3f3D99Tk8bLIJDBqUhyO6\ndSu6QjUqg4MkVZH33sudhEsugdGjYdVV85LP++7rExGqDgYHSSpYSnm+wiWXwHXX5Ucqd98dLrgg\nbyzlJEdVE4ODJBXk3XdndhfGjIHVVsuTHA880MWZVL0MDpLUgVKCBx6Y2V1ICX76U/jzn2Hrre0u\nqPoZHCSpA7zzDvz97zkwPP88rL563lTqwANhueWKrk5qO4ODJFVISnDffTks3HBDPvbTn8LFF+fu\ngqs5qhYZHCSpzN5+Gy67LD9K+cILsMYacNZZ0KsXLLts0dVJ7WNwkKQymD591u7CQgvBz34Gf/lL\nXv7Z7oLqhcFBktrhrbdmdhfGjoU114SBA+GAA2CZZYquTio/g4Mkzafp0+Gee3J34cYbc3dhzz3h\n0kthiy3sLqi+GRwkqY0mToS//S13F156Cb77XTjnnNxdWHrpoquTOobBQZK+xJgx8Ic/wBVX5O7C\nXnvlhZs228zughqPwUGS5mDGJlPnnAM33wwrrginnQa9e8NXv1p0dVJxDA6S1Mq0aTkoDBwIjzyS\nhyMuvTRvMrX44kVXJxXPxU0lCfjkk7ww01prwR57wGKLwa23wlNPwUEHGRqkGew4SGpo772X94m4\n4IK8cNMee+S5DBtvXHRlUnWqSMchIr4SEedFxPiI+DgiHoyIDWY757SImFB6/c6IWK0StUjSnIwf\nD0cfDSuvnPeM+OlP8x4S111naJDmpVJDFX8FtgH2A9YG7gTuiogVASLiOKAP0BvYCJgMDImIxSpU\njyQB0NICTU15C+vBg+E3v4FXXsldh9X88UX6UmUPDhGxBLAH8NuU0kMppZdSSqcCY4EjSqcdAwxI\nKd2aUnoa6AWsBOxW7nokKSUYMgS23RZ69IDhw+G88+Dll+HUU92dUpofleg4LAIsDHw22/FPgC0i\nYhVgBeDuGS+klD4AhgObVqAeSQ1qyhS48kpYbz348Y9h0iT4xz/ykESfPrDUUkVXKNWesgeHlNJH\nwMPASRGxYkQsFBH7k0PBiuTQkICJs/3WiaXXJKldPvwQzj0XVl01r+r4ta/BvffCiBF58aZFnBYu\nLbBK/fPZH7gUeB2YCrQAg4Ee7blo37596dKlyyzHmpqaaGpqas9lJdWJN96A88+Hiy6CyZPz2gu/\n+Q2ss07RlUkdo7m5mebm5lmOTZo0qazvESmlsl5wlotHLAl0TilNjIirgaWAo4EXgfVSSk+2Ovc+\n4PGUUt85XKc7MHLkyJF07969YvVKqk2tl4RefHE47DA45hj4+teLrkwqXktLCz169ADokVJqae/1\nKroAVErpk1Jo+CqwPXBjSmkc8Cb5qQsAIqIzsDEwrJL1SKofKcGDD8Iuu+RFm/71LxgwAF59NS8T\nbWiQKqMiQxURsR0QwHPA6sBA4FngstIp5wH9ImIsMB4YALwG3FSJeiTVj5Tgzjvz0xDDhrkktNTR\nKjXHoQtwFvA14D3gOqBfSmkaQEppYER0Ai4GugJDgR1SSp9XqB5JNS4luOceOPnkHBg22QRuuQV2\n3DHvWCmpY1QkOKSUrgWu/ZJz+gP9K/H+kurLfffBKafAAw/AhhvCbbflxyvd0lrqeOZ0SVVr6FD4\n0Y/ghz+Ejz7KHYbhw2GHHQwNUlEMDpKqzrBh0LMnbLVV3oTqxhvhscfgJz8xMEhFMzhIqhrDh+ch\niM03h4kT4frr894Su+5qYJCqhcFBUuEeewx22ilPeHz1VbjmGnjiibzFtRMfperiP0lJhWlpyesw\nbLghvPQSNDfDk0/CnnsaGKRq5T9NSR1u1CjYffe8U+Vzz+WNqJ5+GvbZBxZeuOjqJM2LwUFSh3nq\nKfjZz/JulU89BX//OzzzDOy3n4FBqhUGB0kV9+yzsPfe8P3v5+GJSy/N+0v06uVOlVKtMThIqpgx\nY/JS0GuvnZ+Y+L//y0MTBx1kYJBqlcFBUtm98AIccAB873t5I6qLLoLnn4dDDoFFFy26OkntYeaX\nVDYvvph3qLzySujWDS64AH7xCzefkuqJwUFSu40bB6efnic7LrccDBoEhx4KSyxRdGWSys3gIGmB\n/fvfOTCcfz4svTT84Q9w2GGw5JJFVyapUgwOkubb1Knwl7/ASSfBJ5/kra5/9Svo1KnoyiRVmpMj\nJc2Xu+6C9deHI47Im049/zz062dokBqFwUFSmzz/fF4eumdP6NoVHn0U/vY3WGmloiuT1JEMDpLm\n6f338zDE976X95G45hp44AHYYIOiK5NUBOc4SJqjqVPhkkvy/IXPPoPTToO+fX1SQmp0BgdJX3DH\nHTkkjB6dV3k8/XRYccWiq5JUDRyqkPQfY8bkCY/bbw/LLAOPPQZ//auhQdJMBgdJvPce/Pd/wzrr\n5N0qr7sO7r8funcvujJJ1cahCqmBTZkCF18Mp5wCn3+ehySOOcZ5DJLmzuAgNajbb89PS4wZk/eT\nGDAAVlih6KokVTuHKqQGM3o07Lgj7LADLL88tLTk7a4NDZLawuAgNYh334Wjj87zGJ57Dm64Ae69\nF9Zbr+jKJNUShyqkOjdlClx0EfTvn9dmOOusHCDc6lrSgjA4SHUqJfjXv/I8hhdegEMOyYs4detW\ndGWSaplDFVIdeuaZPIdhp53yXhItLfnpCUODpPYyOEh15L33oE8fWHddGDsWbrwR7r47fy5J5eBQ\nhVQHpk+HSy+F44/PcxrOPjsHCOcxSCo3Ow5SjXvsMdh0Uzj00PyY5XPPwa9/bWiQVBkGB6lGvfsu\nHH44bLQRfPopDB0Kl1/uegySKsuhCqnGTJ+eN5464YQ8LPHHP8IRR8Ai/muW1AHsOEg15NFHYZNN\noHfvvIvl88/DUUcZGiR1HIODVAPefRcOOww23jhvRvXgg3DZZT5eKanj+XOKVMWmTYO//AVOPDH/\n+vzz87wGOwySimLHQapSI0bkYYnDD4dddsnDEn36GBokFcvgIFWZd97Jj1ZuskneW+Khh+Bvf8s7\nWUpS0fzZRaoS06bl7a1PPDHvM3HBBbnbsPDCRVcmSTPZcZCqwPDheT2GI46A3XfPizj98peGBknV\np+zBISIWiogBEfFSRHwcEWMjot8czjstIiaUzrkzIlYrdy1StXv77bxr5Sab5C7DsGF5jQaHJSRV\nq0p0HI4HDgOOBNYEjgWOjYg+M06IiOOAPkBvYCNgMjAkIharQD1S1Zk2Df78Z/jOd+D66/OvH300\nLx0tSdWsEnMcNgVuSindXvr8lYjYlxwQZjgGGJBSuhUgInoBE4HdgGsqUJNUNR5+OD8d0dICv/gF\nnHUWLLdc0VVJUttUouMwDNgmIlYHiIh1gc2B20qfrwKsANw94zeklD4AhpNDh1SX3noLDj4YNtss\nf/7ww3mNBkODpFpSiY7D74HOwJiImEYOJ79LKV1den0FIJE7DK1NLL0m1ZVp0+B//xf69YMIuOii\n/LilEx8l1aJKBIe9gX2BfYBngfWAP0bEhJTSFRV4P6lqDRuWn44YNSpPgjzzTFh22aKrkqQFV4ng\nMBA4K6V0benzZyLiW8AJwBXAm0AA3Zi169ANeHxeF+7bty9dunSZ5VhTUxNNTU1lKVwql48/huOP\nz2sxbLABPPJIftxSkiqpubmZ5ubmWY5NmjSprO9RieDQCZg227HplOZTpJTGRcSbwDbAkwAR0RnY\nGPjTvC48aNAgunfvXvaCpXIaNgwOPBBeew3OOy9PhHRYQlJHmNMP0y0tLfTo0aNs71GJyZG3AP0i\nYseI+GZE7A70BW5odc55pXN2joh1gMuB14CbKlCP1CE+/RSOPRa22CIPRzzxBBxzjKFBUn2pRMeh\nDzCA3D1YHpgAXFQ6BkBKaWBEdAIuBroCQ4EdUkqfV6AeqeIeeyx3GcaOzY9X/uY3BgZJ9answSGl\nNBn4VeljXuf1B/qX+/2ljvT55zBgQA4L664LI0fC2msXXZUkVY6bXEkL6MknoVcveOYZOPlkOOEE\nWHTRoquSpMpykytpPk2dCmeckZ+WmDYtb1B18smGBkmNwY6DNB9Gj85zGUaOhOOOg1NOgcUXL7oq\nSeo4dhykNpg2Df7nf2D99eGDD/Ijl2eeaWiQ1HgMDtKXGDsWtt4afvtbOPJIePxx2HjjoquSpGIY\nHKS5mD4dLrwwPy3xxhtw//1w7rmw5JJFVyZJxTE4SHPw8svQsyccdRT8/Od5r4kttyy6KkkqnpMj\npVZSgr/+FX71K+jaFe68E7bdtuiqJKl62HGQSl5/HXbaKW95veee8NRThgZJmp0dBzW8lOCqq/Kw\nxBJLwK235gAhSfoiOw5qaBMnwh57wAEHwI475lUgDQ2SNHd2HNSwrr02P14ZAddfnwOEJGne7Dio\n4bz7LjQ1wV57wVZbwdNPGxokqa3sOKih3HIL9O4Nn32W5zU0NeWOgySpbew4qCF89BEcdBDssgv0\n6JG7DPvua2iQpPllx0F1b/x42HVXeOkluPTSvKCTgUGSFozBQXXt/vvhZz+Dzp3hkUfge98ruiJJ\nqm0OVahuXXRRXsDp+9+HESMMDZJUDgYH1Z3PP4cjjsiPWh55JAwZAsssU3RVklQfHKpQXXn77Tw0\n8fDD8Je/wC9+UXRFklRfDA6qG6NG5UmQn3wC994Lm29edEWSVH8cqlBduP562GwzWHppePRRQ4Mk\nVYrBQTVt+nTo3z8PT/zkJ/Dgg/CNbxRdlSTVL4cqVLM++gh69YJ//hPOOANOOMH1GSSp0gwOqknj\nx+dVIMeNg5tuyr+WJFWewUE1x0WdJKk4znFQTXFRJ0kqlsFBNcFFnSSpOjhUoarnok6SVD0MDqpq\nLuokSdXFoQpVLRd1kqTqY3BQ1XFRJ0mqXg5VqKq4qJMkVTeDg6rGuHF5PoOLOklS9XKoQlXhvvtg\nww1h8uS8qJOhQZKqk8FBhbvoIujZE9Zd10WdJKnaGRxUGBd1kqTa4xwHFcJFnSSpNhkc1OGefRZ2\n3NFFnSSpFjlUoQ718MOwxRZ5Z0sXdZKk2mNwUIf517/yzpZrrw0PPOCiTpJUi8oeHCJiXERMn8PH\nBa3OOS0iJkTExxFxZ0SsVu46VF2uuio/YrnNNnkSZNeuRVckSVoQleg4bACs0OqjJ5CAawAi4jig\nD9Ab2AiYDAyJiMUqUIuqwB//CPvvnz9uuAGWXLLoiiRJC6rswSGl9G5K6a0ZH8DOwIsppaGlU44B\nBqSUbk0pPQ30AlYCdit3LSpWSvC738F//zcceyxceiks4nRcSappFZ3jEBGLAvsBfy19vgq5C3H3\njHNSSh8Aw4FNK1mLOtbUqdC7N5x5JpxzDpx9tntOSFI9qPTPf7sDXYC/lz5fgTxsMXG28yaWXlMd\n+PRT2HdfuPlmuOwyOPDAoiuSJJVLpYPDwcC/UkpvluNiffv2pUuXLrMca2pqoqmpqRyXVxlMmpQ3\nqho+HG68MW+LLUnqGM3NzTQ3N89ybNKkSWV9j0gplfWC/7lwxDeAl4DdUkq3lo6tArwIrJdSerLV\nufcBj6eU+s7lWt2BkSNHjqR79+4VqVftN3Ei/PjHMH483HJLXq9BklSslpYWevToAdAjpdTS3utV\nco7DweQhiNtmHEgpjQPeBLaZcSwiOgMbA8MqWIsq7KWX8mJOEyfmNRoMDZJUnyoyVBERAfwcuCyl\nNH22l88D+kXEWGA8MAB4DbipErWo8kaNyp2G//ovGDYMvvWtoiuSJFVKpeY4bAusDPxt9hdSSgMj\nohNwMdAVGArskFL6vEK1qIIeeAB23hlWWy2vDLn88kVXJEmqpIoEh5TSncDC83i9P9C/Eu+tjnPT\nTbD33nmI4p//zPtPSJLqm3tVaIFceinssUfuNtx2m6FBkhqFwUHzJSUYOBB+8Qs49FC4+mpYfPGi\nq5IkdRSDg9ps+nT47W/huOPg5JPhootg4bkOSEmS6pE7B6hNpkyBQw6BK66ACy6APn2KrkiSVASD\ng77Uxx/DXnvBHXfA4MGwzz5FVyRJKorBQfP0/vt52ehRo+DWW2G77YquSJJUJIOD5ur11/PCTm+8\nAXffDRtvXHRFkqSiGRw0R88/n7sL06fD0KGw1lpFVyRJqgY+VaEveOyxvKhTp07w0EOGBknSTAYH\nzeLuu+GHP4RVV82dhpVXLroiSVI1MTjoP669FnbcMXcb7r4bllmm6IokSdXG4CAgL+a0997ws5/B\nzTfDUksVXZEkqRoZHBpcSnDaaXDkkXDUUXmBp8UWK7oqSVK18qmKBpYS/OY3cO65cMYZcMIJEFF0\nVZKkamZwaFApwdFHw4UXuoS0JKntDA4NaPr0PDRx8cX5o3fvoiuSJNUKg0ODmTYtb4d92WVw6aVw\n0EFFVyRJqiUGhwYydWoOCoMHw+WXw/77F12RJKnWGBwaxJQp0KtXXqth8OD86KUkSfPL4NAAPv8c\n9t0XbroJrrkG9tij6IokSbXK4FDnPvsM9toLbr8dbrgBdt656IokSbXM4FDHPv00dxfuuSd3G378\n46IrkiTVOoNDnfr4Y9htN3jwQbj1Vth226IrkiTVA4NDHfroozwk8eij8K9/wdZbF12RJKleGBzq\nzIcf5h0uR42CIUPyTpeSJJWLwaGOTJqU5zGMHg133AGbbFJ0RZKkemNwqBPvvw/bbQcvvgh33QUb\nbFB0RZKkemRwqAPvvAM9e8Krr+YnKNZbr+iKJEn1yuBQ4956Kz8xMXEi3HcfrL120RVJkuqZwaGG\nvfEGbLNNHqa47z5Ya62iK5Ik1TuDQ416/XX40Y9g8mS4/374zneKrkiS1AgMDjXolVdyaJgyJYeG\nVVctuiJJUqMwONSYceNyaIjIoeFb3yq6IklSI1mo6ALUdmPH5lUgF1nE0CBJKobBoUaMGQNbbQWd\nOuXQsPLKRVckSWpEBoca8Mwz8IMfwNJL59Cw0kpFVyRJalQGhyo3alQODSusAPfeC926FV2RJKmR\nGRyqWEtLngj5zW/mFSGXW67oiiRJjc7gUKVGjMiLO62+et57Yumli65IkiSDQ1UaNiwvI/3d7+Zd\nLrt2LboiSZIyg0OVeeAB2H57WH99GDIEOncuuiJJkmaqSHCIiJUi4oqIeCciPo6IURHRfbZzTouI\nCaXX74yI1SpRSy15+GHYYQfYeGO47Tb4yleKrkiSpFmVPThERFfgIeAzYHtgLeDXwPutzjkO6AP0\nBjYCJgNDImKxctdTK955B/bcM3cabrkFllqq6IokSfqiSiw5fTzwSkrpkFbHXp7tnGOAASmlWwEi\nohcwEdgNuKYCNVW16dPhgAPgs8/gH/+AJZcsuiJJkuasEkMVOwOPRcQ1ETExIloi4j8hIiJWAVYA\n7p5xLKX0ATAc2LQC9VS9gQPzfIYrr4Svfa3oaiRJmrtKBIdvA0cAzwHbARcB50fEAaXXVwASucPQ\n2sTSaw1l6FDo1w9OPDFPipQkqZpVYqhiIWBESumk0uejImJt4HDgivZcuG/fvnTp0mWWY01NTTQ1\nNbXnsoV5+23YZx/YYgvo37/oaiRJta65uZnm5uZZjk2aNKms71GJ4PAGMHq2Y6OBPUq/fhMIoBuz\ndh26AY/P68KDBg2ie/fu8zqlZsyY1zBlCgwenHe8lCSpPeb0w3RLSws9evQo23tUYqjiIWCN2Y6t\nQWmCZEppHDk8bDPjxYjoDGwMDKtAPVXp97/PiztddZWbVkmSakclfs4dBDwUESeQn5DYGDgEOLTV\nOecB/SJiLDAeGAC8BtxUgXqqzv33w0kn5bkNPXsWXY0kSW1X9uCQUnosInYHfg+cBIwDjkkpXd3q\nnIER0Qm4GOgKDAV2SCl9Xu56qs1bb0FTE2y1FZxyStHVSJI0fyoysp5Sug247UvO6Q/0r8T7V6tp\n02D//fN/Bw+GhRcuuiJJkuaPU/I60Fln5Z0u77wTVlyx6GokSZp/bnLVQe69Nw9NnHxy3i5bkqRa\nZHDoABMnwr77wg9+kCdFSpJUqwwOFTZtGuy3H6SUH710XoMkqZY5x6HCzjgD7rknz21YoeEW1JYk\n1Rs7DhV0zz15KelTToEf/ajoaiRJaj+DQ4W8+Wae1/CjH+WFniRJqgcGhwqYNi2HhgjnNUiS6otz\nHCpgwIC8rPRdd0G3bkVXI0lS+Rgcyuyuu+C00+DUU+GHPyy6GkmSysuhijJ644386OW228KJJxZd\njSRJ5WdwKJMZ8xoWXhiuvNJ5DZKk+uRQRZmceio88EB+BHP55YuuRpKkyjA4lMGdd8Lpp+dJkVtv\nXXQ1kiRVjkMV7TRhQp7X0LMnnHBC0dVIklRZBod2mDo1z2tYdNE8r2Eh/29KkuqcQxXt0L8/DB0K\n990Hyy1XdDWSJFWewWEBDRkCZ56ZN7Hacsuiq5EkqWPYXF8Ar78O++8P228Pxx1XdDWSJHUcg8N8\nmjoVmppg8cXh8sud1yBJaiwOVcynk0+GYcOc1yBJakwGh/lw++1w1lnw+9/DFlsUXY0kSR3PRnsb\nvfZantew447w298WXY0kScUwOLTB1Kmwzz6w5JLw9787r0GS1LgcqmiDfv3gkUfg/vth2WWLrkaS\npOIYHL6V8+A8AAANNUlEQVTEbbfB2WfDwIGw+eZFVyNJUrFsus/Dq6/CAQfATjvBr39ddDWSJBXP\n4DAXU6bkeQ1LLeW8BkmSZnCoYi7OOANGjIAHHoBllim6GkmSqoM/R8/BmDF5vYbjjoNNNy26GkmS\nqofBYTYpweGHw8orw+9+V3Q1kiRVF4cqZnP55fmxyzvuyOs2SJKkmew4tPLOO/npiX33hZ49i65G\nkqTqY3Bo5dhjYdo0OPfcoiuRJKk6OVRRcv/98Le/wcUXQ7duRVcjSVJ1suMAfPZZnhC52WZwyCFF\nVyNJUvWy4wCccw6MHQstLS70JEnSvDT8t8mxY+H00/OkyHXWKboaSZKqW0MHh5TgiCNgxRXh5JOL\nrkaSpOrX0EMVzc1w1115B8xOnYquRpKk6lf2jkNEnBIR02f7eHa2c06LiAkR8XFE3BkRq5W7ji/z\n/vvQty/suSfssENHv7skSbWpUkMVTwPdgBVKH1vMeCEijgP6AL2BjYDJwJCIWKxCtczR8cfDp5/C\need15LtKklTbKjVUMTWl9PZcXjsGGJBSuhUgInoBE4HdgGsqVM8shg2DSy6BCy+ElVbqiHeUJKk+\nVKrjsHpEvB4RL0bElRGxMkBErELuQNw948SU0gfAcKBD9qGcMgUOOww23DCv3SBJktquEh2HR4Cf\nA88BKwL9gQciYm1yaEjkDkNrE0uvVdy558Lo0fDYY7Dwwh3xjpIk1Y+yB4eU0pBWnz4dESOAl4G9\ngDHlfr/5MW4cnHoqHHMMrLdekZVIklSbKv44ZkppUkQ8D6wG3AcEeeJk665DN+DxL7tW37596dKl\nyyzHmpqaaGpqakMdcOSRsOyyOTxIklRvmpubaW5unuXYpEmTyvoekVIq6wW/8AYRXwFeAU5KKf0p\nIiYA56SUBpVe70wOEb1SStfO5RrdgZEjR46ke/fuC1THNdfA3nvDTTfBLrss0CUkSao5LS0t9OjR\nA6BHSqmlvdcre8chIs4BbiEPT3wNOBWYAlxdOuU8oF9EjAXGAwOA14Cbyl3LDJMm5eGJ3XYzNEiS\n1B6VGKr4OjAYWAZ4G3gQ2CSl9C5ASmlgRHQCLga6AkOBHVJKn1egFgB+9zv46CM4//xKvYMkSY2h\nEpMjv3TCQUqpP/lpi4obMQL+/Of8NMXKK3fEO0qSVL/qepOrqVOhd29Yf33o06foaiRJqn11vcnV\nH/8ITz0Fw4fDInV9p5IkdYy67Ti88kreKvuXv4QNNii6GkmS6kNdBoeU8tBE165w+ulFVyNJUv2o\nywb+jTfCLbfAdddB585FVyNJUv2ou47Dhx/CUUfBT34Ce+xRdDWSJNWXugsOJ50E77+ft8yOKLoa\nSZLqS10NVbS0wAUXwNlnwze/WXQ1kiTVn7rpOEybltdsWHvtvLy0JEkqv7rpOPzpT7njMGwYLLpo\n0dVIklSf6qLj8Npr0K8fHH44bLJJ0dVIklS/6iI4HHMMLLUUnHlm0ZVIklTfan6o4tZb4YYb4Oqr\n84JPkiSpcmq64zB5cl5SevvtYa+9iq5GkqT6V9Mdh/794a234N57XbNBkqSOULPBYdQoGDQIBgyA\nb3+76GokSWoMNTlUMW0aHHYYrLEG/PrXRVcjSVLjqMmOwyWXwPDhMHQoLLZY0dVIktQ4aq7j8MYb\ncMIJcMghsMUWRVcjSVJjqbng0Ldv7jKcfXbRlUiS1Hhqaqhi2DD4xz/giitg6aWLrkaSpMZTUx2H\ns86CbbaB/fYruhJJkhpTTXUc3n7bNRskSSpSTXUcDj4YvvOdoquQJKlx1VRw+PnPi65AkqTGVlPB\nwTUbJEkqVk0FB0mSVCyDgyRJajODgyRJajODgyRJajODgyRJajODgyRJajODgyRJajODgyRJajOD\ngyRJajODgyRJajODgyRJajODgyRJajODgyRJajODgyRJajODQ5Vpbm4uuoQO0Sj3CY1zr95nffE+\nNTcVDw4RcXxETI+Ic2c7flpETIiIjyPizohYrdK11IJG+UvcKPcJjXOv3md98T41NxUNDhGxIdAb\nGDXb8eOAPqXXNgImA0MiYrFK1iNJktqnYsEhIr4CXAkcAvx7tpePAQaklG5NKT0N9AJWAnarVD2S\nJKn9Ktlx+BNwS0rpntYHI2IVYAXg7hnHUkofAMOBTStYjyRJaqdFKnHRiNgHWA/YYA4vrwAkYOJs\nxyeWXpuTJQBGjx5drhKr1qRJk2hpaSm6jIprlPuExrlX77O+eJ/1o9X3ziXKcb1IKZXjOjMvGPF1\n4DFg29IwBBFxL/B4SulXEbEp8CCwUkppYqvf9w9gekqpaQ7X3Be4qqyFSpLUWPZLKQ1u70Uq0XHo\nASwHtERElI4tDGwVEX2ANYEAujFr16Eb8PhcrjkE2A8YD3xagZolSapXSwDfIn8vbbdKdByWAr45\n2+HLgNHA71NKoyNiAnBOSmlQ6fd0JoeIXimla8takCRJKpuydxxSSpOBZ1sfi4jJwLsppRkDLecB\n/SJiLLmLMAB4Dbip3PVIkqTyqcjkyDmYpa2RUhoYEZ2Ai4GuwFBgh5TS5x1UjyRJWgBlH6qQJEn1\ny70qJElSmxkcJElSm9VEcIiIX0bEuIj4JCIeKe2BUTci4oSIGBERH0TExIj4Z0R8p+i6Km1uG6DV\ng4hYKSKuiIh3Shu5jYqI7kXXVU4RsVBEDIiIl0r3ODYi+hVdV3tFxJYRcXNEvF76+7nLHM6pi036\n5nWvEbFIRJwdEU9GxEelc/4eESsWWfOCaMufaatz/7d0ztEdWWM5tPHv7loRcVNE/Lv05zq8tP5S\nm1V9cIiIvYH/AU4B1idvmDUkIpYttLDy2hK4ANgY2BZYFLgjIpYstKoKmtsGaPUgIroCDwGfAdsD\nawG/Bt4vsq4KOB44DDiSvD7LscCxpfVaatlSwBPk+/rCJLA626RvXvfaibwC8Knkr727A2tQm0+/\nzfPPdIaI2J38dfj1Dqqr3L7s7+6q5IcRngW2AtYhP9U4X+sjVf3kyIh4BBieUjqm9HkArwLnp5QG\nFlpchZRC0VvAVimlB4uup9xKG6CNBI4ATqK0qmixVZVPRPwe2DSltHXRtVRSRNwCvJlSOrTVseuA\nj1NKvYqrrHwiYjqwW0rp5lbH5rYOzYEppWuKqbT95nSvczhnA/K+Qt9MKb3WYcWV0dzuMyK+BjxM\nDvu3AYNSSucXUGJZzOXvbjPweUrpwPZcu6o7DhGxKHklytYbYiXgLup7Q6yu5LT4XtGFVMgcN0Cr\nIzsDj0XENaWhp5aIOKTooipgGLBNRKwOEBHrApuTv+jWJTfp+8/Xptl3PK5ppR9ILwcGtlpvqK6U\n7nEn4IWIuL30temRiNh1fq9V1cEBWJa8XPX8bIhV00p/uOcBD6aUnv2y82tNqw3QTii6lgr6Nrmb\n8hywHXARcH5EHFBoVeX3e+AfwJiI+JzcRTovpXR1sWVV1IJs0lcXImJx8p/54JTSR0XXU2bHk38S\nv7DoQipoeeArwHHkcN8T+CdwQ0RsOT8X6qgFoNR2fwa+S/7Jra6UJuCcR94AbUrR9VTQQsCIlNJJ\npc9HRcTawOHAFcWVVXZ7A/sC+5DHTNcD/hgRE1JK9XSfDS8iFgGuJYemIwsup6wiogdwNHkeRz2b\n0Si4sdUQzJMRsRn5a9PQ+b1QtXoHmEbeAKu1bsCbHV9OZUXEhcCOwA9SSm8UXU8FtN4AbUpETAG2\nBo6JiM9L3ZZ68AZ5b5bWRgPfKKCWShpI3n/m2pTSMymlq4BB1Hc36U1mbtLXWl1+TYJZQsPKwHZ1\n2G3Ygvx16dVWX5e+CZwbES8VW1pZvQNMpQxfm6o6OJR+Kh0JbDPjWOmbyzbk8dW6UQoNuwI/TCm9\nUnQ9FXIXeRbvesC6pY/HgCuBdVO1z9Rtu4fIs89bWwN4uYBaKqkTOdi3Np0q/7rSHimlceSA0Ppr\nUmfyTPy6+poEs4SGbwPbpJTq7ckgyHMbvs/Mr0nrAhPIwXj7Ausqq9L300f54tem7zCfX5tqYaji\nXOCyiBgJjAD6kr9gXVZkUeUUEX8GmoBdgMkRMeOnmUkppbrZRryNG6DVg0HAQxFxAnAN+ZvKIcCh\n8/xdtecW8mZ1rwHPAN3J/z7/UmhV7RR5h9/VyJ0FgG+XJn6+l1J6lTrapG9e90runF1PDvo/ARZt\n9bXpvVoabmzDn+n7s50/hfzE0AsdW2n7tOE+zwGujoihwL3ADuQ/2/l7AiylVPUf5DG18cAn5Mdl\nNii6pjLf33TyT26zf/QqurYOuPd7gHOLrqMC97Uj8CTwMfmb6sFF11SBe1yKHOzHkdcyeIH8zP8i\nRdfWzvvaei7/Ji9tdU5/8k+lHwNDgNWKrrvc90pu18/+2ozPtyq69nL/mc52/kvA0UXXXYn7BH4O\nPF/6N9sC/GR+36fq13GQJEnVo27HIiVJUvkZHCRJUpsZHCRJUpsZHCRJUpsZHCRJUpsZHCRJUpsZ\nHCRJUpsZHCRJUpsZHCRJUpsZHCRJUpsZHCRJUpv9f5ZjJc9vQMBxAAAAAElFTkSuQmCC\n",
      "text/plain": [
       "<matplotlib.figure.Figure at 0x1155db110>"
      ]
     },
     "metadata": {},
     "output_type": "display_data"
    }
   ],
   "source": [
    "plt.plot(cvarex)\n",
    "plt.show()"
   ]
  },
  {
   "cell_type": "markdown",
   "metadata": {},
   "source": [
    "Now, conduct the PCA using scikit learn"
   ]
  },
  {
   "cell_type": "code",
   "execution_count": 51,
   "metadata": {
    "collapsed": false
   },
   "outputs": [],
   "source": [
    "from sklearn.decomposition import PCA\n",
    "PCA_set = PCA(n_components=5)\n",
    "Y = PCA_set.fit_transform(x_standard)\n"
   ]
  },
  {
   "cell_type": "code",
   "execution_count": 52,
   "metadata": {
    "collapsed": false
   },
   "outputs": [
    {
     "data": {
      "text/plain": [
       "array([ 7.085916  ,  1.44534852,  1.19704822,  0.87923662,  0.8229492 ])"
      ]
     },
     "execution_count": 52,
     "metadata": {},
     "output_type": "execute_result"
    }
   ],
   "source": [
    "PCA_set.explained_variance_"
   ]
  },
  {
   "cell_type": "markdown",
   "metadata": {},
   "source": [
    "# Case #2: Airport Delays"
   ]
  },
  {
   "cell_type": "code",
   "execution_count": 54,
   "metadata": {
    "collapsed": true
   },
   "outputs": [],
   "source": [
    "airports = pd.read_csv('../assets/datasets/airport_operations.csv')"
   ]
  },
  {
   "cell_type": "markdown",
   "metadata": {},
   "source": [
    "First, let's define the x and y variables: Airport is going to be our \"x\" variable"
   ]
  },
  {
   "cell_type": "code",
   "execution_count": 55,
   "metadata": {
    "collapsed": false
   },
   "outputs": [
    {
     "data": {
      "text/html": [
       "<div>\n",
       "<table border=\"1\" class=\"dataframe\">\n",
       "  <thead>\n",
       "    <tr style=\"text-align: right;\">\n",
       "      <th></th>\n",
       "      <th>airport</th>\n",
       "      <th>year</th>\n",
       "      <th>departures for metric computation</th>\n",
       "      <th>arrivals for metric computation</th>\n",
       "      <th>percent on-time gate departures</th>\n",
